0.00
0.00
0.00
0.00
445.23
3225.87
365.00
859.50
49.75
135.68
0.00
17.50
70.00
0.00
80.50
320.00
176.50
0.00
0.00
0.00
0.00
0.00
19.00
0.00
1.01
1.00
36.00
80.50
196.98
39.00
111.00
66.67
33.67
1.00
3.02
0.00
20.00
30.65
0.00
0.00
8.46
0.00
58.50
46.23
10.55
0.50
4.00
39.90
0.50
3.48
6.09
2.99
5.56
7.00
2.99
1.52
1.00
12.50
0.00
2.01
0.00
0.00
9.00
0.00
1.50
0.00
2.00
36.00
0.00
1.51
0.50
2.99
2.99
9269720640055048192.00
0.00
0.00
0.00
0.00
0.00
0.00
0.00
0.00
0.00
0.00
0.00
0.00
0.00
0.00
0.00
0.00
