2.51
83.00
25.76
2.99
475.88
0.00
65.00
0.00
50.25
0.00
3.00
41.71
3.00
18.09
64.68
4.50
0.00
3.00
23.50
200.00
42.50
2.51
64.18
21.11
126.00
0.00
2.00
135.50
21.72
95.98
15.84
29.50
86.36
3.00
115.08
0.50
3.00
249.25
13.50
626.00
236.50
39.39
132.84
104.52
128.00
10.05
108.54
188.94
104.50
150.75
55.05
134.50
486.43
62.50
319.60
26.63
95.50
226.13
52.74
240.20
19.50
62.00
210.55
86.43
241.00
19.10
77.61
70.85
7.46
221.61
37.69
3.00
54.00
2.51
21.39
70.50
0.00
213.64
9269720640055048192.00
4.48
0.00
2.51
2.49
12.50
0.00
3.52
0.00
3.02
0.00
2.50
