11363816
11364216
11287272
11259176
11146672
11064108
10957104
10885948
10860744
10761852
10710460
10679388
10580368
10388764
10332748
10333128
10333292
10339136
10339124
10339388
10336308
10270916
10177736
10116384
10006244
9879544
9829468
9742908
9541768
9149820
8972804
8409256
9651792
9255252
8977488
9031596
9500184
9131636
8893868
8972484
9199340
8910872
8975544
9190840
8945316
8876540
8693536
8807764
9003968
9521032
9518792
9518660
9519176
9692880
9626036
9524260
9485472
9385932
9504072
9504196
9405164
9365060
9501208
9728520
9726304
9996236
11332984
11332924
11333400
11333692
11334272
11334880
11335668
11336188
11336308
11337572
11337456
11337588
11338148
11337908
11337676
11337800
11337924
11337776
11337900
11338040
11339048
11338304
11338180
11337924
