11519532
11519744
11519840
11520276
11513268
11451872
11313008
11246164
11117828
11062828
11040140
10939224
10888940
10859596
10793984
10593340
10476832
10475956
10476376
10476348
10476356
10476436
10473564
10473588
10473808
10460636
10332572
10285360
10153656
10063376
9988960
9884724
9869712
9387072
9127288
9024860
9780732
9354320
9136784
8952660
9746540
9328260
9091132
8854400
9375804
9042396
8579644
9230308
9091380
8796240
9232764
9132484
9125200
9520172
9662136
9660768
9660724
9872452
9781776
9687256
9675780
9550008
9419248
9657860
9544052
9516020
9657424
9873716
9874360
10138984
10139320
10139620
11379868
11491124
11491768
11492100
11492852
11493732
11493844
11494264
11494416
11495688
11495140
11495520
11495660
11495792
11496444
11496204
11496096
11496352
