4295960
4295960
4339136
4350344
4361144
4371544
4372212
4373708
4373744
4373964
4374164
4374164
4375652
4381400
4382016
4382016
4382016
4382020
4382020
4382020
4384596
4385792
4386840
4390204
4390616
4391544
4392644
4393600
4394828
4395512
4395852
4396472
4396804
4397536
4397664
4398676
4398988
4400124
4401256
4401896
4404260
4404820
4405572
4406344
4406432
4407440
4408224
4409440
4410296
4410436
4411800
4411672
4411420
4414424
4414708
4415312
4415400
4415652
4416692
4416936
4418304
4418408
4418852
4418644
4418736
4418768
4319388
4319268
4319272
4319276
4319280
4319284
4319288
4319292
4319292
4319296
4319304
4319304
4319308
4319312
4319320
4319324
4319324
4319328
4319328
4319336
4319332
4319332
4319344
4319348
