217380
217392
220468
220488
220600
220600
220688
220688
220704
220724
220724
220736
220900
221096
221108
221108
221108
221108
221116
221124
221124
221124
221216
221216
221224
221308
221316
221344
221348
221480
221480
221488
221532
221572
221780
221780
221792
221932
221952
222000
222076
222308
222328
222356
222452
222472
222496
222576
222612
222624
222632
222648
222652
222660
222728
222728
222756
222756
222764
222776
222780
222812
222812
222816
222968
222968
222980
222980
222980
222992
222992
222992
223000
223000
223008
223012
223012
223048
217436
217436
217436
217436
217436
217436
217436
217436
217436
217436
217436
217436
