10.95
10.05
10.00
2.00
11.06
15.42
10.50
8.00
5.97
9.55
11.06
9.50
12.00
8.54
17.50
15.50
10.00
11.06
6.97
10.05
9.95
10.55
9.00
9.05
19.10
9.45
14.00
12.00
12.56
7.50
10.00
7.46
10.05
11.00
11.06
6.50
10.00
12.06
10.89
10.10
9.45
9.05
10.50
10.55
12.56
13.43
11.00
13.64
11.44
9.95
9.14
9.95
11.62
14.50
7.46
18.18
10.50
9.50
8.54
15.08
7.00
14.00
22.50
14.07
15.50
15.08
12.50
10.00
7.00
11.06
12.56
14.43
15.92
14.57
5.50
11.06
10.00
13.00
12.00
8.50
10.95
3.52
8.00
10.55
8.96
2.00
15.00
5.53
8.50
11.44
