0.00
0.00
0.00
0.00
4213.07
112604.98
9416.00
27616.00
2005.97
2781.91
0.00
384.00
632.00
0.00
1648.00
8264.00
5848.00
0.00
0.00
0.00
0.00
0.00
2432.00
0.00
128.64
15.92
1200.00
1976.00
6014.07
960.00
2744.00
1408.96
2018.09
8.00
265.33
0.00
328.00
667.34
0.00
0.00
238.81
0.00
1896.00
1744.72
635.18
63.68
272.00
501.01
63.68
326.37
292.39
382.09
589.90
176.00
382.09
80.81
128.00
1600.00
0.00
257.29
0.00
0.00
912.00
0.00
192.00
0.00
208.00
408.00
0.00
192.96
64.32
111.44
382.09
9269720640054953984.00
0.00
0.00
0.00
0.00
0.00
0.00
0.00
0.00
0.00
0.00
0.00
0.00
0.00
0.00
0.00
0.00
