0.00
0.00
96296.00
21627.86
21456.00
15792.00
1376.00
2555.22
0.00
371.72
578.22
0.00
2904.00
12360.00
466.33
0.00
0.00
0.00
0.00
0.00
2496.00
482.41
2256.00
6440.20
310.45
1131.31
2515.42
1488.00
1944.00
0.00
265.33
160.00
168.00
472.00
0.00
334.33
161.62
96.00
1472.64
152.76
2436.18
337.69
144.00
684.58
0.00
152.00
402.01
128.64
416.00
32.00
80.81
192.00
0.00
2240.00
256.00
0.00
128.64
0.00
80.00
192.96
707.54
128.00
184.92
280.00
256.00
112.56
9223372036854679552.00
0.00
0.00
0.00
0.00
0.00
0.00
0.00
0.00
0.00
0.00
0.00
0.00
0.00
0.00
0.00
0.00
0.00
0.00
0.00
0.00
0.00
0.00
0.00
