11498896
11499020
11499020
11452096
11404820
11284276
11210072
11093736
11030036
11006088
10922632
10855648
10825940
10730368
10546392
10456900
10455104
10455228
10455680
10455496
10455236
10451644
10452056
10452020
10427412
10309628
10263020
10190620
10076916
9972172
9883896
9864520
9486320
9153176
9096196
9825792
9673348
9287504
9085248
8670744
9451452
9110424
9019956
8932840
9221020
8937836
8565132
9276052
8999312
8770912
9323316
9037208
9233936
9632264
9634540
9634076
9631952
9812936
9737304
9642052
9622424
9504300
9620160
9602508
9498200
9474224
9616996
9841968
9842256
10106764
10107480
10107724
10108192
10108588
10108504
10108552
10108676
11469496
11470360
11471028
11471148
11471280
11471856
11471712
11471836
11472272
11472668
11472624
11473244
11472796
