0.00
0.00
0.00
1933.67
1791.96
564.18
652.02
52.26
130.00
0.00
22.61
64.36
0.00
110.95
388.38
74.50
1.50
0.00
0.00
0.00
0.00
18.41
0.00
1.50
1.01
73.00
56.00
191.00
32.16
14.00
158.79
14.00
33.17
3.00
0.00
19.90
28.64
0.00
0.00
5.05
5.03
85.43
7.00
26.00
3.03
2.99
2.01
39.00
4.00
3.02
5.53
0.50
2.01
9.50
1.00
1.50
14.50
0.00
1.50
1.01
1.49
0.00
2.01
1.49
6.53
1.51
2.99
35.18
1.51
0.00
0.00
1.51
0.00
0.00
0.00
0.00
3.54
9132051521638388736.00
0.00
0.00
0.00
0.00
0.00
0.00
0.00
0.00
0.00
0.00
0.00
0.00
