217860
217860
220516
220964
221008
221080
221104
221168
221168
221204
221204
221204
221220
221552
221588
221588
221588
221596
221596
221596
221608
221692
221700
221700
221736
221804
221804
221832
221956
221956
221972
221980
222024
222256
222256
222272
222360
222440
222456
222476
222592
222672
222680
222908
222952
222984
223048
223076
223100
223112
223112
223120
223120
223192
223204
223228
223256
223260
223272
223284
223308
223320
223324
223464
223476
223476
217908
217908
217908
217908
217908
217908
217908
217908
217908
217908
217908
217908
217908
217908
217908
217908
217908
217908
217908
217908
217908
217908
217908
217908
