99.94
99.94
90.23
78.04
74.56
76.96
74.00
79.97
78.49
74.62
91.62
75.91
66.94
45.52
84.73
99.75
99.81
98.94
99.81
99.94
95.12
90.68
74.44
86.54
74.53
71.29
79.91
66.08
71.46
2.50
0.75
6.83
77.33
13.03
0.44
6.70
41.97
7.70
0.56
16.80
23.87
7.00
6.57
25.78
13.30
12.46
13.15
8.77
37.12
83.07
93.17
97.93
98.50
77.08
74.14
68.15
90.36
72.15
79.47
97.87
79.70
72.80
89.85
97.31
98.00
96.93
88.67
99.62
99.88
99.94
99.50
99.75
99.81
99.94
99.94
99.69
99.94
99.88
99.81
99.81
100.00
99.81
99.81
99.94
99.94
99.44
99.94
99.56
99.94
99.88
