0.00
166.50
3473.23
394.03
732.16
229.00
141.00
0.00
17.41
70.35
0.00
53.77
301.00
222.11
1.49
33.00
0.00
0.00
0.50
19.10
0.00
0.00
15.42
98.49
195.00
30.15
21.00
108.00
60.61
34.17
0.00
1.00
21.72
0.00
30.15
0.00
5.00
6.03
0.00
68.50
45.00
38.38
0.00
7.04
3.00
0.00
5.53
4.52
2.50
2.99
5.05
3.00
13.07
1.00
6.53
0.00
2.00
5.03
1.49
2.01
0.00
1.00
0.00
1.01
36.50
0.00
1.49
0.00
0.00
1.01
0.00
0.00
0.00
0.00
0.50
0.00
0.00
4.55
9269720640055048192.00
0.00
0.00
0.00
0.00
0.00
0.00
0.00
0.00
0.00
0.00
0.00
