217160
217160
217160
217160
217460
220260
220300
220380
220380
220468
220468
220484
220504
220504
220520
220680
220892
220892
220892
220900
220900
220900
220908
220908
220912
220916
221000
221008
221044
221092
221116
221132
221144
221268
221288
221288
221428
221568
221572
221576
221728
221748
221784
221828
221960
221988
222008
222184
222272
222288
222328
222404
222412
222432
222448
222448
222456
222524
222524
222556
222556
222560
222576
222576
222612
222612
222612
222768
222768
222780
222780
222780
222928
217220
217220
217220
217220
217220
217220
217220
217220
217220
217220
217220
217220
217220
217220
217220
217220
217220
