4.00
4.00
6.55
6.60
7.10
9.52
10.00
12.41
12.44
12.92
15.15
15.15
17.90
19.81
20.72
20.79
20.79
20.79
20.79
20.79
20.79
22.95
23.47
23.53
24.70
27.43
27.53
28.74
39.56
39.91
40.08
40.44
30.71
39.84
40.19
38.37
34.40
39.98
40.32
36.76
37.29
41.34
37.84
37.66
41.36
39.64
41.46
39.69
36.01
30.29
30.18
30.18
30.18
28.52
28.98
30.27
32.07
32.17
30.30
30.30
32.15
32.25
30.24
27.35
27.35
23.34
4.08
4.10
4.10
4.10
4.10
4.10
4.10
4.10
4.10
4.09
4.10
4.10
4.08
4.10
4.10
4.10
4.10
4.10
4.10
4.10
4.08
4.10
4.10
4.10
