573388
573320
573488
1004652
1017160
1097884
1492476
1574412
1966252
1971364
2044148
2409200
2412816
2802876
3144776
3332388
3332392
3332392
3332224
3332224
3332392
3332392
3332224
3332392
3683732
3766832
3780368
3813444
4342756
4420660
4574440
4628088
6401928
6453472
6479792
4663160
6407312
6468876
6501824
6563596
6423236
6482036
6619040
6061488
6594272
6644896
6679000
6314944
6644296
6375760
6303580
6336852
5739408
4819100
4798976
4798976
4791856
4523448
4599352
4802240
4808816
5110472
4808804
5101432
5114700
5132556
4799624
4330240
4330240
3680464
3680356
3680356
3680356
3680356
3680356
3680356
3680468
582372
582336
583608
583608
583768
583768
583768
583860
583860
583860
583860
583860
583860
