3.00
0.00
94.50
10.45
0.00
476.00
0.00
69.65
0.00
54.55
0.00
0.00
48.00
0.00
63.82
0.00
0.50
10.55
0.00
0.00
268.50
0.00
102.50
43.22
0.00
104.04
18.41
136.50
0.00
0.00
117.59
0.00
39.50
76.00
0.50
199.00
0.51
238.00
141.79
13.57
571.86
77.89
86.50
105.97
11.06
120.00
106.53
242.71
105.50
68.50
309.09
79.00
94.03
418.50
78.00
237.19
56.28
0.00
261.50
67.34
226.63
70.00
80.40
181.50
84.00
139.20
9223372036854774784.00
4.00
0.00
0.50
3.00
4.00
2.50
0.00
0.00
4.50
0.00
0.00
4.50
10.00
0.00
3.00
2.51
0.00
0.00
7.00
0.50
4.00
1.00
0.00
