4832564
4832440
4832440
4879364
4926640
5047184
5121388
5237724
5301424
5325372
5408828
5475812
5505520
5601092
5785068
5874560
5876356
5876232
5875780
5875964
5876224
5879816
5879404
5879440
5904048
6021832
6068440
6140840
6254544
6359288
6447564
6466940
6845140
7178284
7235264
6505668
6658112
7043956
7246212
7660716
6880008
7221036
7311504
7398620
7110440
7393624
7766328
7055408
7332148
7560548
7008144
7294252
7097524
6699196
6696920
6697384
6699508
6518524
6594156
6689408
6709036
6827160
6711300
6728952
6833260
6857236
6714464
6489492
6489204
6224696
6223980
6223736
6223268
6222872
6222956
6222908
6222784
4861964
4861100
4860432
4860312
4860180
4859604
4859748
4859624
4859188
4858792
4858836
4858216
4858664
