4903736
4908736
5055648
5087208
5162080
5289220
5367000
5365492
5489196
5520192
5553980
5584156
5826920
5964444
5961600
5961700
5962040
5962472
5962252
5965332
5965052
5964780
6058280
6129660
6217616
6311252
6427872
6490296
6553520
6825760
7215332
7331572
8046748
6725300
7112812
7357020
7274192
6963264
7286124
7436392
7268404
7278732
7503200
7193416
7244956
7495944
7325844
7146404
7387920
7060816
6932000
6789676
6790700
6793104
6587560
6670624
6763708
6778164
6907048
7034008
6798016
6853512
6921088
6802448
6571224
6571668
6306240
6306940
6306688
6305972
6306388
6306216
6306276
6306120
6305716
6305972
6305940
5044536
4931952
4931088
4931248
4930492
4930324
4929788
4929652
4929016
4929728
4928828
4928432
4928308
