11.06
14.50
16.16
15.92
6.03
14.00
12.00
5.50
20.90
12.56
9.50
11.06
14.50
12.56
11.94
18.00
5.00
13.00
11.00
1.51
21.00
16.58
10.45
4.02
22.50
9.05
2.50
11.50
17.68
9.05
5.94
11.00
9.60
21.00
2.51
9.95
20.00
10.55
1.50
11.00
19.00
12.12
5.47
7.04
20.50
10.55
1.51
12.06
21.00
5.47
11.11
12.00
24.62
2.00
13.57
20.60
10.00
4.52
8.96
20.10
11.50
6.50
10.55
14.57
13.50
7.54
8.96
13.57
11.94
5.03
8.04
20.00
9.50
11.06
8.46
10.50
12.50
19.70
14.57
19.90
1.50
11.56
19.90
11.00
10.95
7.54
13.07
11.06
10.95
20.00
