217220
217220
217220
219872
220324
220368
220436
220460
220524
220524
220560
220560
220560
220576
220772
220932
220944
220944
220944
220944
220944
220960
220960
220968
220972
221052
221060
221060
221156
221164
221180
221192
221316
221324
221332
221364
221612
221612
221616
221652
221796
221824
221852
221908
222016
222032
222044
222276
222312
222328
222432
222436
222444
222468
222468
222480
222484
222552
222564
222568
222592
222596
222608
222640
222640
222656
222656
222796
222808
222808
222812
222824
222824
222824
222832
222832
222844
217276
217276
217276
217276
217276
217276
217276
217276
217276
217276
217276
217276
217276
