3.00
0.00
2948.50
866.17
719.00
987.50
36.00
194.53
0.00
77.78
63.37
0.00
160.00
445.00
78.39
0.00
0.50
10.55
0.00
0.00
288.00
14.07
190.00
245.23
22.89
143.94
130.85
198.50
33.00
0.00
120.60
9.00
50.50
105.00
0.50
202.49
7.58
242.50
174.63
17.59
647.74
81.41
89.50
146.77
11.06
124.00
111.56
243.72
112.50
72.50
310.61
80.50
94.03
436.00
80.00
237.19
57.29
0.00
264.00
68.84
232.16
71.00
82.41
216.50
86.00
142.21
9223372036854771712.00
4.00
0.00
0.50
3.00
4.00
2.50
0.00
0.00
4.50
0.00
0.00
4.50
10.00
0.00
3.00
2.51
0.00
0.00
7.00
0.50
4.00
1.00
0.00
