2.49
0.00
2.50
0.00
92.96
16.92
3.00
472.00
0.00
65.83
0.00
51.50
0.00
0.00
43.00
0.00
68.00
16.58
2.99
9.05
0.00
3.52
215.00
53.27
33.67
21.89
3.00
102.00
28.64
31.50
95.50
11.44
94.97
3.00
104.02
13.50
8.50
201.01
2.48
0.51
49.75
3.52
642.50
178.39
92.46
147.26
100.50
57.58
10.95
93.53
106.09
105.97
552.02
57.50
142.29
240.40
56.50
254.00
7.54
115.58
291.50
0.00
279.50
12.06
96.50
184.92
74.50
256.50
10.50
132.16
197.99
3.48
398.51
9269720640055048192.00
0.50
0.00
3.50
2.50
3.00
0.00
2.49
0.00
0.00
3.52
0.00
4.50
0.00
11.06
3.50
0.00
