3.85
4.20
6.52
6.56
7.01
9.47
10.09
10.09
12.79
12.82
15.03
15.06
19.36
20.69
20.66
20.66
20.66
20.66
20.66
20.66
20.66
20.66
22.87
23.37
23.58
26.87
27.37
27.48
28.71
39.59
39.96
40.15
40.48
32.56
39.89
40.20
36.67
37.90
40.02
40.26
35.68
39.60
41.44
35.87
39.43
41.42
37.81
37.61
39.70
34.01
32.19
30.09
30.11
30.11
28.33
28.78
30.00
30.05
31.94
32.01
30.07
31.87
31.98
30.10
27.12
27.12
23.16
23.16
23.16
23.14
23.16
23.16
23.16
23.16
23.16
23.16
23.16
4.20
3.85
3.85
3.85
3.85
3.85
3.85
3.85
3.85
3.85
3.85
3.85
3.85
