3.45
3.45
3.45
3.43
4.01
3.85
6.59
6.77
9.51
9.70
11.95
12.44
14.67
14.69
17.01
19.04
20.31
20.31
20.31
20.37
20.37
20.37
20.37
20.37
20.37
22.51
22.99
23.07
24.15
26.48
26.96
28.24
28.36
39.31
39.58
39.72
37.25
39.43
39.66
39.84
33.15
39.37
39.57
40.61
36.62
40.66
40.87
35.32
40.85
41.08
35.39
39.02
37.24
31.74
29.63
29.64
29.64
27.89
28.38
29.57
29.63
31.52
31.59
29.66
31.50
31.62
29.60
26.77
26.77
22.78
22.78
22.78
3.86
3.51
3.49
3.51
3.51
3.51
3.51
3.51
3.51
3.49
3.51
3.51
3.51
3.49
3.51
3.51
3.51
3.51
