562692
562692
562692
560212
655100
628964
1075928
1105088
1553340
1584540
1952300
2030848
2396080
2398620
2778624
3109732
3316160
3316304
3316136
3326644
3326548
3326548
3326548
3326380
3326380
3676716
3754764
3767804
3943512
4323828
4403264
4611804
4631744
6419136
6463888
6486296
6083108
6438716
6477776
6506376
5413148
6429292
6462280
6632732
5980268
6640652
6674132
5768844
6671156
6709048
5779436
6372300
6081152
5183400
4839208
4841084
4841040
4554684
4635476
4828612
4839748
5148136
5159912
4843360
5143808
5164604
4833968
4371408
4371408
3720088
3719892
3720012
630312
573192
570712
573192
573360
573192
573192
573192
573192
569664
573360
573192
573192
570712
573192
573360
573360
573192
