0.00
1929.00
113671.72
11160.20
24522.61
6176.00
2888.00
0.00
382.09
635.18
0.00
1189.95
7504.00
6914.57
191.04
1880.00
0.00
0.00
64.00
2383.92
0.00
0.00
668.66
2492.46
6048.00
828.14
288.00
2776.00
1365.66
2082.41
0.00
8.00
525.25
0.00
603.02
0.00
152.00
410.05
0.00
2360.00
1472.00
670.71
0.00
418.09
144.00
0.00
466.33
217.09
320.00
23.88
161.62
384.00
1559.80
128.00
836.18
0.00
256.00
643.22
191.04
16.08
0.00
128.00
0.00
56.28
472.00
0.00
191.04
0.00
0.00
128.64
0.00
0.00
0.00
0.00
63.68
0.00
0.00
307.07
9269720640054953984.00
0.00
0.00
0.00
0.00
0.00
0.00
0.00
0.00
0.00
0.00
0.00
