0.00
0.00
2854.00
855.72
719.00
511.50
36.00
124.88
0.00
23.23
63.37
0.00
112.00
445.00
14.57
0.00
0.00
0.00
0.00
0.00
19.50
14.07
87.50
202.01
22.89
39.90
112.44
62.00
33.00
0.00
3.02
9.00
11.00
29.00
0.00
3.48
7.07
4.50
32.84
4.02
75.88
3.52
3.00
40.80
0.00
4.00
5.03
1.01
7.00
4.00
1.52
1.50
0.00
17.50
2.00
0.00
1.01
0.00
2.50
1.51
5.53
1.00
2.01
35.00
2.00
3.02
9223372036854772736.00
0.00
0.00
0.00
0.00
0.00
0.00
0.00
0.00
0.00
0.00
0.00
0.00
0.00
0.00
0.00
0.00
0.00
0.00
0.00
0.00
0.00
0.00
0.00
