4148588
4148592
4148592
4148596
4149352
4202984
4207920
4224112
4225216
4226620
4226664
4226972
4227152
4227148
4227824
4231876
4234980
4235004
4235008
4235004
4235016
4235016
4237536
4237608
4237604
4237800
4239268
4240452
4243564
4244196
4245800
4246580
4247652
4248396
4248740
4249356
4249560
4250676
4250688
4251248
4251472
4252004
4254232
4255720
4256732
4257412
4257996
4258648
4259064
4259608
4260660
4261272
4263988
4264216
4264940
4265820
4265572
4267156
4267168
4267432
4268512
4268620
4270324
4270372
4270628
4271368
4271684
4271696
4271472
4271644
4271832
4271896
4271856
4171980
4171988
4171992
4171992
4172000
4172008
4172012
4172016
4172016
4172020
4172024
4172032
4172032
4172036
4172040
4172044
4172048
