30.42
30.42
30.89
31.06
31.75
32.25
32.91
33.34
33.50
34.10
34.42
34.61
35.21
36.39
36.73
36.73
36.73
36.69
36.69
36.69
36.71
37.11
37.68
38.06
38.73
39.51
39.81
40.34
41.57
43.97
45.06
48.51
40.90
43.33
45.03
44.70
41.83
44.09
45.54
45.06
43.67
45.44
45.04
43.72
45.23
45.65
46.77
46.07
44.87
41.70
41.71
41.72
41.71
40.65
41.06
41.68
41.92
42.53
41.81
41.80
42.41
42.66
41.82
40.43
40.44
38.79
30.61
30.61
30.60
30.60
30.60
30.59
30.59
30.59
30.59
30.58
30.58
30.58
30.57
30.58
30.58
30.58
30.58
30.58
30.58
30.58
30.57
30.57
30.57
30.58
