64.00
0.00
2320.00
266.67
0.00
6392.00
0.00
1026.87
0.00
779.80
0.00
0.00
708.00
0.00
1025.13
0.00
3.98
100.50
0.00
0.00
7476.00
0.00
1660.00
257.29
0.00
1377.78
135.32
1580.00
0.00
0.00
1688.44
0.00
388.00
1192.00
4.02
2591.04
4.04
2164.00
2758.21
349.75
8538.69
1117.59
916.00
1942.29
168.84
1180.00
2174.87
2142.71
2608.00
456.00
3393.94
1508.00
780.10
8860.00
1236.00
2629.15
771.86
0.00
3100.00
1029.15
3883.42
924.00
438.19
2152.00
2196.00
1483.42
9223372036854758400.00
64.00
0.00
8.04
64.00
52.00
48.00
0.00
0.00
100.00
0.00
0.00
88.00
84.00
0.00
80.00
32.16
0.00
0.00
112.00
4.00
52.00
12.00
0.00
