0.00
0.00
0.00
57053.27
61459.30
17194.03
19507.07
1897.49
2744.00
0.00
426.13
586.14
0.00
2825.87
11478.79
1268.00
192.00
0.00
0.00
0.00
0.00
2356.22
0.00
192.00
16.08
1784.00
1512.00
5904.00
1077.39
184.00
3626.13
384.00
1953.77
264.00
0.00
326.37
410.05
0.00
0.00
290.91
144.72
2958.79
320.00
1144.00
266.67
382.09
16.08
552.00
392.00
24.12
466.33
63.68
16.08
616.00
15.92
192.00
1796.00
0.00
192.00
8.04
191.04
0.00
16.08
191.04
836.18
192.96
206.97
281.41
192.96
0.00
0.00
192.96
0.00
0.00
0.00
0.00
177.78
9132051521638295552.00
0.00
0.00
0.00
0.00
0.00
0.00
0.00
0.00
0.00
0.00
0.00
0.00
