13.57
14.50
16.16
13.43
8.54
14.00
12.00
3.50
22.39
13.07
9.50
8.54
17.00
12.56
11.94
15.50
7.50
13.00
11.00
1.51
21.00
15.58
8.46
6.53
23.00
6.03
5.50
11.50
16.67
8.04
7.92
11.00
9.60
20.50
2.01
10.95
17.50
12.56
2.00
11.00
17.50
11.62
5.47
9.05
20.50
7.54
4.52
12.06
21.00
1.99
13.13
12.50
24.62
3.00
13.07
19.60
7.00
6.03
11.94
20.10
11.00
3.50
12.06
16.58
12.50
6.03
11.44
12.56
9.45
5.53
11.06
16.50
13.00
11.06
5.47
11.00
15.00
18.69
15.58
15.92
5.50
11.56
19.40
11.50
10.95
5.53
15.08
11.06
7.46
21.00
