30.03
30.06
30.96
31.15
31.61
32.39
32.86
32.85
33.61
33.80
34.01
34.19
35.68
36.52
36.50
36.50
36.51
36.51
36.51
36.53
36.52
36.52
37.10
37.53
38.07
38.64
39.36
39.74
40.13
41.80
44.18
44.89
49.27
41.18
43.55
45.05
44.54
42.64
44.61
45.53
44.51
44.57
45.94
44.05
44.36
45.90
44.86
43.76
45.24
43.23
42.45
41.57
41.58
41.60
40.34
40.85
41.42
41.50
42.29
43.07
41.63
41.97
42.38
41.65
40.24
40.24
38.61
38.62
38.62
38.61
38.61
38.61
38.61
38.61
38.61
38.61
38.61
30.89
30.20
30.19
30.19
30.19
30.19
30.19
30.19
30.18
30.19
30.18
30.18
30.18
