22.11
17.00
14.65
15.42
15.58
15.50
17.00
8.00
21.39
15.58
10.50
14.07
16.50
12.56
14.43
20.50
11.00
15.50
13.50
8.54
19.50
20.10
11.94
10.05
23.50
14.07
10.50
12.00
18.69
10.55
10.40
11.50
14.14
19.50
15.08
14.43
18.50
11.56
9.00
16.50
19.00
11.62
10.95
10.55
19.50
12.06
8.54
12.56
20.00
4.98
12.63
16.50
28.14
16.00
14.57
18.59
10.50
12.06
15.42
21.11
17.00
11.50
16.58
18.09
13.00
9.55
14.43
14.07
10.45
9.55
12.56
17.50
13.00
20.10
9.45
23.00
20.50
30.81
20.60
16.42
7.00
10.55
17.91
11.00
13.43
9.55
16.08
14.57
10.45
18.50
