4172060
4172064
4172072
4196772
4227292
4235620
4247552
4248420
4250104
4250108
4250428
4250600
4250664
4252064
4257556
4258216
4258432
4258440
4258436
4258440
4258448
4260892
4260960
4260960
4261224
4263028
4263832
4266912
4267880
4268068
4269716
4270384
4271932
4272340
4272204
4273044
4273372
4273788
4273808
4274692
4275180
4278424
4278956
4280756
4281340
4281864
4282532
4283176
4283776
4284400
4285220
4286400
4286892
4287812
4288728
4288612
4290704
4290716
4290920
4291568
4291664
4292848
4292952
4293172
4294736
4294844
4295824
4294788
4294980
4294960
4294968
4294976
4294980
4294980
4295044
4295048
4295156
4195596
4195600
4195600
4195604
4195608
4195616
4195620
4195628
4195624
4195628
4195632
4195640
4195644
