10.95
6.53
9.50
4.50
9.05
15.92
11.00
8.50
4.48
9.05
12.56
10.00
14.50
4.02
19.50
13.50
11.00
9.55
9.45
7.04
9.95
10.05
10.00
11.56
18.59
8.96
12.50
11.50
13.07
10.00
9.50
3.98
11.06
9.50
11.06
10.50
7.50
10.55
10.89
10.10
10.45
8.04
10.50
10.55
13.07
12.94
10.00
13.64
11.44
9.95
9.64
9.95
11.11
15.00
6.97
17.68
10.50
9.50
9.55
14.57
6.50
13.50
22.00
14.07
15.50
15.58
12.50
10.50
6.00
11.06
12.56
14.43
16.42
15.08
7.00
9.05
9.50
13.50
12.00
9.00
9.95
4.52
7.00
10.05
8.46
4.00
13.50
5.03
8.50
11.44
