11427724
11422724
11275812
11244252
11169380
11042240
10964460
10965968
10842264
10811268
10777480
10747304
10504540
10367016
10369860
10369760
10369420
10368988
10369208
10366128
10366408
10366680
10273180
10201800
10113844
10020208
9903588
9841164
9777940
9505700
9116128
8999888
8284712
9606160
9218648
8974440
9057268
9368196
9045336
8895068
9063056
9052728
8828260
9138044
9086504
8835516
9005616
9185056
8943540
9270644
9399460
9541784
9540760
9538356
9743900
9660836
9567752
9553296
9424412
9297452
9533444
9477948
9410372
9529012
9760236
9759792
10025220
10024520
10024772
10025488
10025072
10025244
10025184
10025340
10025744
10025488
10025520
11286924
11399508
11400372
11400212
11400968
11401136
11401672
11401808
11402444
11401732
11402632
11403028
11403152
