4232392
4233156
4285332
4291100
4305228
4308820
4310068
4310432
4310452
4310904
4310940
4311408
4314996
4318540
4318788
4319728
4319740
4319744
4319812
4322252
4322332
4322336
4323716
4324844
4328148
4328268
4329004
4330608
4331344
4332368
4333224
4333248
4334120
4334452
4335216
4335456
4335928
4337044
4337152
4339336
4341140
4341944
4342520
4343240
4344260
4344468
4345260
4346548
4347124
4347740
4348168
4348976
4351760
4351404
4352484
4352744
4353008
4354280
4354384
4355464
4355572
4355772
4356508
4356640
4356456
4356640
4356836
4356852
4356856
4356856
4356932
4356936
4356968
4356972
4356968
4356992
4356996
4357088
4256148
4256156
4256156
4256164
4256172
4256172
4256184
4256184
4256188
4256196
4256200
4256204
