0.00
0.00
68.00
2601.01
184.92
3.98
6420.20
0.00
868.00
31.84
804.02
0.00
60.61
557.21
60.61
4.00
1032.00
60.00
0.00
0.00
233.17
5842.79
1197.99
952.00
0.00
64.00
1268.00
28.00
1567.84
0.00
108.54
1328.00
0.00
1408.00
0.00
87.56
1499.50
0.00
175.12
1381.82
16.08
12309.55
1588.00
2424.00
1147.47
2129.35
655.28
668.00
2012.00
1017.09
1796.98
2949.25
100.50
2076.00
2945.27
1488.00
4376.00
2966.83
2204.00
3111.56
1006.97
1888.00
972.86
1269.65
2452.26
2878.39
1397.01
518.59
2572.86
1357.21
659.30
1013.07
48.00
67.66
2304.00
40.20
812.12
9132051521638371328.00
4.02
84.42
0.00
0.00
75.62
0.00
68.00
4.00
0.00
80.40
0.00
64.00
