628688
685756
1064320
1071120
1144192
1546124
1648376
1648412
2088828
2093008
2454188
2459404
3162224
3378804
3374188
3374012
3374012
3374268
3374268
3374268
3374188
3374268
3734388
3816552
3851428
4388408
4469852
4488196
4688260
6464916
6526140
6557644
6611216
5318216
6515400
6564728
5988600
6190400
6535164
6575492
5827676
6466688
6767256
5857700
6438692
6764532
6174512
6142520
6482880
5553872
5256504
4914880
4916760
4916760
4626072
4700800
4898668
4907408
5215652
5226928
4910900
5205348
5222700
4915764
4429776
4429776
3781588
3781964
3782308
3779648
3782128
3782164
3782196
3782128
3782128
3782048
3782128
685880
628784
628884
628884
628716
628804
628884
628884
628636
628924
628716
628716
628716
