3.51
3.51
3.51
6.15
6.23
6.72
9.14
9.64
12.04
12.07
12.52
14.75
14.77
17.16
19.26
20.40
20.40
20.40
20.40
20.40
20.40
20.40
20.40
20.40
22.56
23.06
23.15
23.35
26.59
27.07
28.01
28.34
39.20
39.52
39.68
28.55
39.23
39.61
39.81
40.19
39.33
39.69
40.53
37.12
40.38
40.69
40.90
38.67
40.68
39.04
38.60
38.80
35.14
29.51
29.38
29.38
29.34
27.70
28.16
29.40
29.45
31.29
29.45
31.24
31.32
31.43
29.39
26.51
26.51
22.54
22.54
22.54
22.54
22.54
22.54
22.54
22.54
3.57
3.57
3.57
3.57
3.57
3.57
3.57
3.58
3.58
3.58
3.58
3.58
3.58
