0.00
0.00
3.00
2035.68
1805.53
564.68
1134.34
52.26
194.00
2.49
69.85
64.36
3.54
152.24
391.92
75.00
67.50
2.50
0.00
0.00
19.60
223.38
43.22
56.50
1.01
77.00
174.00
196.50
141.71
14.00
173.37
125.50
33.17
88.00
0.00
28.86
138.19
0.00
16.42
87.37
6.03
980.90
114.50
228.50
29.29
133.83
73.87
55.00
128.00
79.90
107.54
238.31
9.05
178.00
271.14
81.50
346.00
51.76
197.50
241.21
66.67
224.50
20.10
96.52
196.98
121.11
177.11
49.75
123.62
148.26
17.09
68.34
4.00
8.46
222.50
3.02
68.18
9132051521638385664.00
0.50
5.53
0.00
0.00
2.99
0.00
3.50
0.50
0.00
5.53
0.00
3.00
