2.49
0.00
2.50
0.00
538.19
3242.79
368.00
1331.50
49.75
201.51
0.00
69.00
70.00
0.00
123.50
320.00
244.50
16.58
2.99
9.05
0.00
3.52
234.00
53.27
34.67
22.89
39.00
182.50
225.63
70.50
206.50
78.11
128.64
4.00
107.04
13.50
28.50
231.66
2.48
0.51
58.21
3.52
701.00
224.62
103.02
147.76
104.50
97.47
11.44
97.01
112.18
108.96
557.58
64.50
145.27
241.92
57.50
266.50
7.54
117.59
291.50
0.00
288.50
12.06
98.00
184.92
76.50
292.50
10.50
133.67
198.49
6.47
401.49
9269720640055044096.00
0.50
0.00
3.50
2.50
3.00
0.00
2.49
0.00
0.00
3.52
0.00
4.50
0.00
11.06
3.50
0.00
