652456
652456
1069260
1077384
1159804
1554212
1632888
2026184
2032012
2109772
2474556
2474108
2923244
3235980
3384328
3394572
3394572
3394572
3394572
3394572
3394572
3748436
3832712
3843060
4033444
4480000
4495872
4693468
6460332
6517992
6545184
6604304
5015392
6507008
6563776
6266356
5618756
6529736
6584728
6003744
6089260
6750620
6179580
6150072
6755268
6474580
6770424
6482760
5881708
4947272
4928332
4928332
4928332
4658376
4733264
4944028
5237584
5253956
4948160
4948160
5249888
5266684
4938856
4467280
4467280
3812220
666492
670100
669996
670164
670388
670292
670292
670292
670292
667468
670116
670116
667012
670124
670124
670124
670376
670376
670376
670292
666596
670140
669884
670052
