2.51
249.50
3498.99
397.01
1208.04
229.00
206.00
0.00
67.66
70.35
3.00
95.48
304.00
240.20
66.17
37.50
0.00
3.00
24.00
219.10
42.50
2.51
79.60
119.60
321.00
30.15
23.00
243.50
82.32
130.15
15.84
30.50
108.08
3.00
145.23
0.50
8.00
255.28
13.50
694.50
281.50
77.78
132.84
111.56
131.00
10.05
114.07
193.47
107.00
153.73
60.10
137.50
499.50
63.50
326.13
26.63
97.50
231.16
54.23
242.21
19.50
63.00
210.55
87.44
277.50
19.10
79.10
70.85
7.46
222.61
37.69
3.00
54.00
2.51
21.89
70.50
0.00
218.18
9269720640055044096.00
4.48
0.00
2.51
2.49
12.50
0.00
3.52
0.00
3.02
0.00
2.50
