4811928
4811716
4811620
4811184
4818192
4879588
5018452
5085296
5213632
5268632
5291320
5392236
5442520
5471864
5537476
5738120
5854628
5855504
5855084
5855112
5855104
5855024
5857896
5857872
5857652
5870824
5998888
6046100
6177804
6268084
6342500
6446736
6461748
6944388
7204172
7306600
6550728
6977140
7194676
7378800
6584920
7003200
7240328
7477060
6955656
7289064
7751816
7101152
7240080
7535220
7098696
7198976
7206260
6811288
6669324
6670692
6670736
6459008
6549684
6644204
6655680
6781452
6912212
6673600
6787408
6815440
6674036
6457744
6457100
6192476
6192140
6191840
4951592
4840336
4839692
4839360
4838608
4837728
4837616
4837196
4837044
4835772
4836320
4835940
4835800
4835668
4835016
4835256
4835364
4835108
