99.81
95.24
79.49
78.10
73.26
78.56
72.25
82.79
77.35
88.12
77.86
76.28
44.99
68.17
97.68
96.31
99.75
99.56
98.62
98.69
96.50
99.44
81.35
78.85
83.09
75.58
71.84
75.98
73.37
58.01
2.31
0.88
9.15
75.13
2.19
1.69
10.64
30.34
0.62
0.19
10.72
22.08
3.57
19.55
30.03
4.06
12.66
43.62
6.63
35.21
83.34
95.49
92.80
97.25
85.71
71.62
71.91
84.80
74.17
72.72
96.87
89.49
68.07
82.88
95.50
98.75
97.75
98.19
99.56
97.25
98.50
99.44
98.44
99.56
99.75
97.06
99.75
92.92
99.19
99.56
100.00
99.69
99.69
99.75
99.88
99.87
99.69
99.75
99.75
99.69
