29.46
29.46
29.46
29.46
29.50
29.88
30.73
31.14
31.92
32.26
32.40
33.02
33.33
33.51
33.91
35.14
35.85
35.85
35.85
35.85
35.85
35.85
35.87
35.87
35.87
35.95
36.73
37.02
37.83
38.38
38.84
39.47
39.57
42.52
44.11
44.74
40.11
42.72
44.05
45.18
40.32
42.88
44.33
45.78
42.59
44.63
47.47
43.48
44.33
46.14
43.47
44.08
44.13
41.71
40.84
40.85
40.85
39.55
40.10
40.68
40.75
41.52
42.32
40.86
41.56
41.73
40.87
39.54
39.54
37.92
37.92
37.91
30.32
29.64
29.63
29.63
29.63
29.62
29.62
29.62
29.62
29.61
29.61
29.61
29.61
29.61
29.61
29.61
29.61
29.61
