29.59
29.59
29.59
29.88
30.17
30.90
31.36
32.07
32.46
32.61
33.12
33.53
33.71
34.30
35.42
35.97
35.98
35.98
35.98
35.98
35.98
36.00
36.00
36.00
36.15
36.87
37.16
37.60
38.30
38.94
39.48
39.60
41.91
43.95
44.30
39.84
40.77
43.13
44.37
46.91
42.13
44.22
44.77
45.30
43.54
45.27
47.55
43.20
44.90
46.29
42.91
44.66
43.46
41.02
41.01
41.01
41.02
39.91
40.38
40.96
41.08
41.80
41.09
41.20
41.84
41.99
41.11
39.74
39.73
38.11
38.11
38.11
38.11
38.10
38.10
38.10
38.10
29.77
29.77
29.76
29.76
29.76
29.76
29.76
29.76
29.75
29.75
29.75
29.75
29.75
