0.00
0.00
3.00
102.01
13.57
0.50
482.32
0.00
64.00
2.49
47.24
0.00
3.54
41.29
3.54
0.50
66.00
2.50
0.00
0.00
19.60
204.98
43.22
55.00
0.00
4.00
118.00
5.50
109.55
0.00
14.57
111.50
0.00
85.00
0.00
8.96
109.55
0.00
16.42
82.32
1.01
895.48
107.50
202.50
26.26
130.85
71.86
16.00
124.00
76.88
102.01
237.81
7.04
168.50
270.15
80.00
331.50
51.76
196.00
240.20
65.17
224.50
18.09
95.02
190.45
119.60
174.13
14.57
122.11
148.26
17.09
66.83
4.00
8.46
222.50
3.02
64.65
9132051521638390784.00
0.50
5.53
0.00
0.00
2.99
0.00
3.50
0.50
0.00
5.53
0.00
3.00
