4967644
4967244
5044188
5072284
5184788
5267352
5374356
5445512
5470716
5569608
5621000
5652072
5751092
5942696
5998712
5998332
5998168
5992324
5992336
5992072
5995152
6060544
6153724
6215076
6325216
6451916
6501992
6588552
6789692
7181640
7358656
7922204
6679668
7076208
7353972
7299864
6831276
7199824
7437592
7358976
7132120
7420588
7355916
7140620
7386144
7454920
7637924
7523696
7327492
6810428
6812668
6812800
6812284
6638580
6705424
6807200
6845988
6945528
6827388
6827264
6926296
6966400
6830252
6602940
6605156
6335224
4998476
4998536
4998060
4997768
4997188
4996580
4995792
4995272
4995152
4993888
4994004
4993872
4993312
4993552
4993784
4993660
4993536
4993684
4993560
4993420
4992412
4993156
4993280
4993536
