18.59
17.50
14.14
18.91
12.06
16.00
16.50
10.50
19.90
14.57
10.50
15.08
15.50
12.56
14.43
22.00
9.00
15.00
14.50
7.54
20.00
20.10
12.44
9.55
23.00
15.58
9.00
12.00
19.19
11.56
7.92
11.50
14.14
23.50
11.56
14.43
19.50
11.56
9.00
16.00
19.00
12.12
12.44
8.54
19.00
12.56
8.04
12.06
19.50
6.47
12.12
17.00
27.64
15.50
14.57
20.60
11.00
11.06
13.93
21.61
16.50
14.50
14.57
16.58
13.50
11.06
11.94
14.07
11.94
9.55
9.55
19.50
12.50
18.59
12.44
21.50
18.50
30.81
20.10
18.41
5.50
10.55
17.41
11.50
12.94
12.56
14.07
14.07
11.94
17.50
