99.75
99.88
99.75
99.88
94.37
77.40
75.12
76.28
77.24
76.35
79.99
76.35
87.62
77.91
72.28
42.62
74.87
99.56
99.56
99.25
99.56
99.56
95.81
97.25
98.94
96.75
75.72
82.24
76.69
76.64
72.98
71.76
83.97
6.76
0.56
2.38
51.38
6.94
0.56
2.00
58.81
4.94
0.25
0.94
35.88
3.31
4.69
48.78
11.62
2.88
34.38
12.45
15.02
71.49
94.49
93.18
97.44
87.85
73.07
72.59
84.54
76.27
73.30
98.44
75.34
73.39
92.92
97.12
98.69
97.56
97.37
99.56
92.23
98.31
99.88
99.81
99.75
99.62
99.87
99.88
99.75
99.94
99.87
99.56
99.87
99.56
99.75
100.00
99.62
99.87
