51.74
0.00
52.00
0.00
2440.20
298.51
64.00
6340.00
0.00
884.42
0.00
856.00
0.00
0.00
592.00
0.00
1084.00
160.80
55.72
88.44
0.00
80.40
6408.00
976.88
389.95
421.89
72.00
1308.00
192.96
252.00
1464.00
91.54
1097.49
84.00
1169.85
432.00
76.00
2793.97
31.68
8.08
648.76
68.34
8192.00
3344.72
1648.24
1958.21
1552.00
1014.14
258.71
1408.96
1734.01
1922.39
7329.29
888.00
1488.56
2707.07
1112.00
5776.00
92.46
1700.50
3320.00
0.00
3520.00
1423.12
1300.00
2251.26
428.00
2404.00
888.00
2661.31
2247.24
63.68
4561.19
9269720640055027712.00
4.00
0.00
64.00
48.00
72.00
0.00
51.74
0.00
0.00
68.34
0.00
96.00
0.00
100.50
68.00
0.00
