60.30
2264.00
488.89
63.68
6339.70
0.00
880.00
0.00
859.70
0.00
64.00
546.73
60.00
196.98
1006.97
80.00
0.00
60.00
344.00
5202.01
1660.00
52.26
1014.93
188.94
1420.00
0.00
16.00
1728.00
189.90
1197.99
209.90
312.00
1208.08
36.00
2002.01
3.98
60.00
3143.72
152.00
7868.00
4024.00
1115.15
1158.21
2010.05
1404.00
594.97
1752.76
2588.94
1616.00
1317.41
1111.11
1548.00
8008.04
1232.00
3465.33
2030.15
1520.00
3702.51
704.48
2327.64
852.00
864.00
2500.50
518.59
2528.00
767.84
2173.13
719.60
175.12
2102.51
767.84
48.00
604.00
48.24
230.85
844.00
0.00
2416.16
9269720640055027712.00
99.50
0.00
64.32
51.74
132.00
0.00
80.40
0.00
68.34
0.00
48.00
