99.88
99.94
99.31
92.12
78.41
75.20
77.58
75.52
76.10
77.89
76.89
89.24
77.22
67.88
45.84
80.35
98.06
99.62
99.69
99.81
99.31
97.81
97.81
97.25
97.18
75.94
83.91
87.98
71.20
73.67
75.22
77.13
36.51
1.81
0.37
26.22
75.50
2.62
1.50
6.59
30.06
0.44
0.00
12.77
39.60
1.44
6.01
39.49
3.56
6.33
41.35
7.38
28.68
78.06
93.55
97.00
98.44
81.47
73.22
70.47
87.38
73.72
76.91
94.31
72.95
72.64
96.44
97.62
97.81
98.12
98.69
97.56
99.50
99.75
96.87
99.62
96.87
93.68
99.81
99.31
100.00
99.87
99.75
99.88
99.56
99.94
99.87
99.75
99.87
99.81
